0, [77, 176, 36, 0]
1, [74, 85, 110, 0]
2, [69, 81, 104, 0]
3, [77, 92, 121, 0]
4, [71, 83, 108, 0]
5, [69, 80, 99, 0]
6, [72, 82, 115, 0]
7, [69, 83, 113, 0]
8, [68, 83, 109, 0]
9, [77, 90, 113, 0]
10, [46, 39, 233, 0]
11, [89, 98, 119, 0]
12, [69, 79, 100, 0]
13, [82, 95, 119, 0]
14, [73, 89, 124, 0]
15, [64, 77, 106, 0]
16, [80, 93, 117, 0]
17, [68, 76, 96, 0]
18, [67, 78, 99, 0]
19, [69, 81, 102, 0]
20, [81, 93, 127, 0]
21, [0, 0, 0, 0]
22, [77, 85, 117, 0]
23, [71, 81, 97, 0]
24, [85, 98, 123, 0]
25, [76, 86, 102, 0]
26, [80, 93, 116, 0]
27, [69, 79, 114, 0]
28, [65, 79, 103, 0]
29, [76, 84, 108, 0]
30, [66, 78, 100, 0]
31, [76, 88, 108, 0]
32, [79, 90, 111, 0]
33, [60, 70, 86, 0]
34, [59, 69, 89, 0]
35, [63, 72, 94, 0]
36, [83, 96, 121, 0]
37, [70, 77, 108, 0]
38, [203, 72, 64, 0]
39, [65, 76, 98, 0]
40, [71, 84, 104, 0]
41, [86, 96, 123, 0]
42, [62, 76, 98, 0]
43, [67, 82, 105, 0]
